0, 0, 1, 0, 0, 0, 0, 0, 0, 0, 0, 0, 0, 0, 0, 0, 0, 0, 0, 0, 0, 0, 117, 1, 4.0836247200730655, WeMoSwitch
0, 0, 1, 0, 0, 0, 0, 0, 0, 0, 0, 0, 0, 0, 0, 0, 0, 0, 0, 0, 0, 0, 95, 1, 1.6523671684657788, WeMoSwitch
0, 0, 0, 1, 0, 0, 0, 1, 0, 0, 0, 1, 1, 0, 0, 0, 0, 0, 1, 0, 1, 1, 328, 0, 0, WeMoSwitch
0, 0, 0, 1, 0, 0, 0, 1, 0, 0, 0, 1, 1, 0, 0, 0, 0, 0, 2, 0, 1, 1, 328, 0, 0, WeMoSwitch
0, 0, 0, 1, 0, 0, 0, 1, 0, 0, 0, 1, 1, 0, 0, 0, 0, 0, 2, 0, 1, 1, 328, 0, 0, WeMoSwitch
0, 0, 0, 1, 0, 0, 0, 1, 0, 0, 0, 1, 1, 0, 0, 0, 0, 0, 2, 0, 1, 1, 328, 0, 0, WeMoSwitch
1, 0, 0, 0, 0, 0, 0, 0, 0, 0, 0, 0, 0, 0, 0, 0, 0, 0, 2, 0, 0, 0, 0, 0, 0, WeMoSwitch
1, 0, 0, 0, 0, 0, 0, 0, 0, 0, 0, 0, 0, 0, 0, 0, 0, 0, 2, 0, 0, 0, 0, 0, 0, WeMoSwitch
1, 0, 0, 0, 0, 0, 0, 0, 0, 0, 0, 0, 0, 0, 0, 0, 0, 0, 2, 0, 0, 0, 0, 0, 0, WeMoSwitch
1, 0, 0, 0, 0, 0, 0, 0, 0, 0, 0, 0, 0, 0, 0, 0, 0, 0, 2, 0, 0, 0, 0, 0, 0, WeMoSwitch
0, 0, 0, 1, 1, 0, 0, 0, 0, 0, 0, 0, 0, 0, 0, 0, 0, 0, 3, 0, 0, 0, 84, 1, 0.5140894694980185, WeMoSwitch
0, 0, 0, 1, 1, 0, 0, 0, 0, 0, 0, 0, 0, 0, 0, 0, 0, 0, 3, 0, 0, 0, 84, 1, 0.5140894694980185, WeMoSwitch
0, 0, 0, 1, 1, 0, 0, 0, 0, 0, 0, 0, 0, 0, 0, 0, 0, 0, 3, 0, 0, 0, 84, 1, 0.5140894694980185, WeMoSwitch
0, 0, 0, 1, 1, 0, 0, 0, 0, 0, 0, 0, 0, 0, 0, 0, 0, 0, 3, 0, 0, 0, 84, 1, 0.5140894694980185, WeMoSwitch
0, 0, 0, 1, 0, 0, 0, 0, 0, 0, 0, 0, 0, 0, 0, 0, 0, 0, 4, 0, 0, 0, 40, 1, 2.646782221599798, WeMoSwitch
0, 0, 0, 1, 0, 0, 0, 1, 0, 0, 0, 0, 0, 1, 0, 0, 0, 0, 5, 0, 2, 2, 409, 1, 5.502103656456601, WeMoSwitch
0, 0, 0, 1, 0, 0, 0, 1, 0, 0, 0, 0, 0, 1, 0, 0, 0, 0, 5, 0, 2, 2, 407, 1, 5.4918539164554945, WeMoSwitch
0, 0, 0, 1, 0, 0, 0, 1, 0, 0, 0, 0, 0, 1, 0, 0, 0, 0, 5, 0, 2, 2, 439, 1, 5.49997566634454, WeMoSwitch
0, 0, 0, 1, 0, 0, 0, 1, 0, 0, 0, 0, 0, 1, 0, 0, 0, 0, 5, 0, 2, 2, 439, 1, 5.515394423516446, WeMoSwitch
0, 0, 0, 1, 0, 0, 0, 1, 0, 0, 0, 0, 0, 1, 0, 0, 0, 0, 5, 0, 2, 2, 437, 1, 5.510043682484443, WeMoSwitch
0, 0, 0, 1, 0, 0, 0, 1, 0, 0, 0, 0, 0, 1, 0, 0, 0, 0, 5, 0, 2, 2, 441, 1, 5.501003232313358, WeMoSwitch
0, 0, 0, 1, 0, 0, 0, 1, 0, 0, 0, 0, 0, 1, 0, 0, 0, 0, 5, 0, 2, 2, 443, 1, 5.476148609568085, WeMoSwitch
0, 0, 0, 1, 0, 0, 0, 1, 0, 0, 0, 0, 0, 1, 0, 0, 0, 0, 5, 0, 2, 2, 447, 1, 5.5026705656610915, WeMoSwitch
0, 0, 0, 1, 0, 0, 0, 1, 0, 0, 0, 0, 0, 1, 0, 0, 0, 0, 5, 0, 2, 2, 443, 1, 5.501746084150037, WeMoSwitch
0, 0, 0, 1, 0, 0, 0, 1, 0, 0, 0, 0, 0, 1, 0, 0, 0, 0, 5, 0, 2, 2, 449, 1, 5.516605910629088, WeMoSwitch
0, 0, 0, 1, 0, 0, 0, 1, 0, 0, 0, 0, 0, 1, 0, 0, 0, 0, 5, 0, 2, 2, 431, 1, 5.496232171089211, WeMoSwitch
0, 0, 0, 1, 0, 0, 0, 1, 0, 0, 0, 0, 0, 1, 0, 0, 0, 0, 5, 0, 2, 2, 437, 1, 5.507834215228843, WeMoSwitch
0, 0, 0, 1, 0, 0, 0, 1, 0, 0, 0, 0, 0, 1, 0, 0, 0, 0, 5, 0, 2, 2, 445, 1, 5.489594751732765, WeMoSwitch
0, 0, 0, 1, 0, 0, 0, 1, 0, 0, 0, 0, 0, 1, 0, 0, 0, 0, 5, 0, 2, 2, 441, 1, 5.4925462338210025, WeMoSwitch
0, 0, 0, 1, 0, 0, 0, 1, 0, 0, 0, 0, 0, 1, 0, 0, 0, 0, 5, 0, 2, 2, 441, 1, 5.497283513739854, WeMoSwitch
0, 0, 0, 1, 0, 0, 0, 1, 0, 0, 0, 0, 0, 1, 0, 0, 0, 0, 5, 0, 2, 2, 443, 1, 5.506979283354257, WeMoSwitch
1, 0, 0, 0, 0, 0, 0, 0, 0, 0, 0, 0, 0, 0, 0, 0, 0, 0, 5, 0, 0, 0, 0, 0, 0, WeMoSwitch
1, 0, 0, 0, 0, 0, 0, 0, 0, 0, 0, 0, 0, 0, 0, 0, 0, 0, 5, 0, 0, 0, 0, 0, 0, WeMoSwitch
0, 0, 0, 1, 0, 0, 0, 1, 0, 0, 0, 0, 0, 0, 1, 0, 0, 0, 6, 0, 3, 1, 58, 0, 0, WeMoSwitch
0, 0, 0, 1, 0, 0, 0, 1, 0, 0, 0, 0, 0, 0, 1, 0, 0, 0, 6, 0, 1, 3, 454, 0, 0, WeMoSwitch
0, 0, 0, 1, 0, 0, 1, 0, 5840, 0, 0, 0, 0, 0, 0, 0, 0, 0, 7, 0, 2, 2, 52, 0, 0, WeMoSwitch
0, 0, 0, 1, 0, 0, 1, 0, 14600, 0, 0, 0, 0, 0, 0, 0, 0, 0, 7, 0, 2, 2, 52, 0, 0, WeMoSwitch
0, 0, 0, 1, 0, 0, 1, 0, 2920, 0, 0, 0, 0, 0, 0, 0, 0, 0, 7, 0, 2, 2, 40, 0, 0, WeMoSwitch
0, 0, 0, 1, 0, 0, 1, 0, 2920, 0, 0, 0, 0, 0, 0, 0, 0, 0, 7, 0, 2, 2, 157, 1, 4.94192818064109, WeMoSwitch
0, 0, 0, 1, 0, 0, 1, 0, 58, 0, 0, 0, 0, 0, 0, 0, 0, 0, 7, 0, 2, 2, 40, 0, 0, WeMoSwitch
0, 0, 0, 1, 0, 0, 1, 0, 58, 0, 0, 0, 0, 0, 0, 0, 0, 0, 7, 0, 2, 2, 1420, 1, 7.152297728560067, WeMoSwitch
0, 0, 0, 1, 0, 0, 1, 0, 58, 0, 0, 0, 0, 0, 0, 0, 0, 0, 7, 0, 2, 2, 1420, 1, 7.202871773758742, WeMoSwitch
0, 0, 0, 1, 0, 0, 1, 0, 58, 0, 0, 0, 0, 0, 0, 0, 0, 0, 7, 0, 2, 2, 1376, 1, 7.107476588008091, WeMoSwitch
0, 0, 0, 1, 0, 0, 1, 0, 58, 0, 0, 0, 0, 0, 0, 0, 0, 0, 7, 0, 2, 2, 843, 1, 7.496263269339539, WeMoSwitch
0, 0, 0, 1, 0, 0, 1, 0, 4300, 0, 0, 0, 0, 0, 0, 0, 0, 0, 7, 0, 2, 2, 40, 0, 0, WeMoSwitch
0, 0, 0, 1, 0, 0, 1, 0, 5680, 0, 0, 0, 0, 0, 0, 0, 0, 0, 7, 0, 2, 2, 40, 0, 0, WeMoSwitch
0, 0, 0, 1, 0, 0, 1, 0, 7060, 0, 0, 0, 0, 0, 0, 0, 0, 0, 7, 0, 2, 2, 40, 0, 0, WeMoSwitch
0, 0, 0, 1, 0, 0, 1, 0, 8440, 0, 0, 0, 0, 0, 0, 0, 0, 0, 7, 0, 2, 2, 40, 0, 0, WeMoSwitch
0, 0, 0, 1, 0, 0, 1, 0, 8440, 0, 0, 0, 0, 0, 0, 0, 0, 0, 7, 0, 2, 2, 366, 1, 7.272591576144727, WeMoSwitch
0, 0, 0, 1, 0, 0, 1, 0, 62, 0, 0, 0, 0, 0, 0, 0, 0, 0, 7, 0, 2, 2, 99, 1, 5.429170379833643, WeMoSwitch
0, 0, 0, 1, 0, 0, 1, 0, 8440, 0, 0, 0, 0, 0, 0, 0, 0, 0, 7, 0, 2, 2, 40, 0, 0, WeMoSwitch
0, 0, 0, 1, 0, 0, 1, 0, 8440, 0, 0, 0, 0, 0, 0, 0, 0, 0, 7, 0, 2, 2, 418, 1, 7.458142293350347, WeMoSwitch
0, 0, 0, 1, 0, 0, 1, 0, 8440, 0, 0, 0, 0, 0, 0, 0, 0, 0, 7, 0, 2, 2, 1420, 1, 7.5862588295661695, WeMoSwitch
0, 0, 0, 1, 0, 0, 1, 0, 77, 0, 0, 0, 0, 0, 0, 0, 0, 0, 7, 0, 2, 2, 40, 0, 0, WeMoSwitch
0, 0, 0, 1, 0, 0, 1, 0, 8440, 0, 0, 0, 0, 0, 0, 0, 0, 0, 7, 0, 2, 2, 1420, 1, 7.598932016601581, WeMoSwitch
0, 0, 0, 1, 0, 0, 1, 0, 8440, 0, 0, 0, 0, 0, 0, 0, 0, 0, 7, 0, 2, 2, 1420, 1, 7.61817831912966, WeMoSwitch
0, 0, 0, 1, 0, 0, 1, 0, 8440, 0, 0, 0, 0, 0, 0, 0, 0, 0, 7, 0, 2, 2, 1420, 1, 7.5849328612872515, WeMoSwitch
0, 0, 0, 1, 0, 0, 1, 0, 100, 0, 0, 0, 0, 0, 0, 0, 0, 0, 7, 0, 2, 2, 40, 0, 0, WeMoSwitch
0, 0, 0, 1, 0, 0, 1, 0, 8440, 0, 0, 0, 0, 0, 0, 0, 0, 0, 7, 0, 2, 2, 1420, 1, 7.610546923682918, WeMoSwitch
0, 0, 0, 1, 0, 0, 1, 0, 8440, 0, 0, 0, 0, 0, 0, 0, 0, 0, 7, 0, 2, 2, 1420, 1, 7.607396705323207, WeMoSwitch
0, 0, 0, 1, 0, 0, 1, 0, 8440, 0, 0, 0, 0, 0, 0, 0, 0, 0, 7, 0, 2, 2, 1420, 1, 7.583168436445372, WeMoSwitch
0, 0, 0, 1, 0, 0, 1, 0, 112, 0, 0, 0, 0, 0, 0, 0, 0, 0, 7, 0, 2, 2, 40, 0, 0, WeMoSwitch
0, 0, 0, 1, 0, 0, 1, 0, 8440, 0, 0, 0, 0, 0, 0, 0, 0, 0, 7, 0, 2, 2, 1420, 1, 7.587154529973852, WeMoSwitch
0, 0, 0, 1, 0, 0, 1, 0, 8440, 0, 0, 0, 0, 0, 0, 0, 0, 0, 7, 0, 2, 2, 1420, 1, 7.5771318272798, WeMoSwitch
0, 0, 0, 1, 0, 0, 1, 0, 123, 0, 0, 0, 0, 0, 0, 0, 0, 0, 7, 0, 2, 2, 40, 0, 0, WeMoSwitch
0, 0, 0, 1, 0, 0, 1, 0, 134, 0, 0, 0, 0, 0, 0, 0, 0, 0, 7, 0, 2, 2, 40, 0, 0, WeMoSwitch
0, 0, 0, 1, 0, 0, 1, 0, 146, 0, 0, 0, 0, 0, 0, 0, 0, 0, 7, 0, 2, 2, 40, 0, 0, WeMoSwitch
0, 0, 0, 1, 0, 0, 1, 0, 8440, 0, 0, 0, 0, 0, 0, 0, 0, 0, 7, 0, 2, 2, 1420, 1, 7.601076553717553, WeMoSwitch
0, 0, 0, 1, 0, 0, 1, 0, 8440, 0, 0, 0, 0, 0, 0, 0, 0, 0, 7, 0, 2, 2, 78, 1, 4.912272579176128, WeMoSwitch
0, 0, 0, 1, 0, 0, 1, 0, 8440, 0, 0, 0, 0, 0, 0, 0, 0, 0, 7, 0, 2, 2, 1420, 1, 7.576245420855358, WeMoSwitch
0, 0, 0, 1, 0, 0, 1, 0, 8440, 0, 0, 0, 0, 0, 0, 0, 0, 0, 7, 0, 2, 2, 1420, 1, 7.596334321587727, WeMoSwitch
0, 0, 0, 1, 0, 0, 1, 0, 157, 0, 0, 0, 0, 0, 0, 0, 0, 0, 7, 0, 2, 2, 40, 0, 0, WeMoSwitch
0, 0, 0, 1, 0, 0, 1, 0, 8440, 0, 0, 0, 0, 0, 0, 0, 0, 0, 7, 0, 2, 2, 1420, 1, 7.581748717240192, WeMoSwitch
0, 0, 0, 1, 0, 0, 1, 0, 165, 0, 0, 0, 0, 0, 0, 0, 0, 0, 7, 0, 2, 2, 40, 0, 0, WeMoSwitch
0, 0, 0, 1, 0, 0, 1, 0, 8440, 0, 0, 0, 0, 0, 0, 0, 0, 0, 7, 0, 2, 2, 1420, 1, 7.584849993574301, WeMoSwitch
0, 0, 0, 1, 0, 0, 1, 0, 8440, 0, 0, 0, 0, 0, 0, 0, 0, 0, 7, 0, 2, 2, 1420, 1, 7.619924311409969, WeMoSwitch
0, 0, 0, 1, 0, 0, 1, 0, 8440, 0, 0, 0, 0, 0, 0, 0, 0, 0, 7, 0, 2, 2, 1420, 1, 7.584731482962719, WeMoSwitch
0, 0, 0, 1, 0, 0, 1, 0, 165, 0, 0, 0, 0, 0, 0, 0, 0, 0, 7, 0, 2, 2, 40, 0, 0, WeMoSwitch
0, 0, 0, 1, 0, 0, 1, 0, 165, 0, 0, 0, 0, 0, 0, 0, 0, 0, 7, 0, 2, 2, 40, 0, 0, WeMoSwitch
0, 0, 0, 1, 0, 0, 1, 0, 8440, 0, 0, 0, 0, 0, 0, 0, 0, 0, 7, 0, 2, 2, 1420, 1, 7.617791291162031, WeMoSwitch
0, 0, 0, 1, 0, 0, 1, 0, 8440, 0, 0, 0, 0, 0, 0, 0, 0, 0, 7, 0, 2, 2, 74, 1, 4.910992253015044, WeMoSwitch
0, 0, 0, 1, 0, 0, 1, 0, 165, 0, 0, 0, 0, 0, 0, 0, 0, 0, 7, 0, 2, 2, 40, 0, 0, WeMoSwitch
0, 0, 0, 1, 0, 0, 1, 0, 8440, 0, 0, 0, 0, 0, 0, 0, 0, 0, 7, 0, 2, 2, 1420, 1, 7.582163042649183, WeMoSwitch
0, 0, 0, 1, 0, 0, 1, 0, 165, 0, 0, 0, 0, 0, 0, 0, 0, 0, 7, 0, 2, 2, 40, 0, 0, WeMoSwitch
0, 0, 0, 1, 0, 0, 1, 0, 8440, 0, 0, 0, 0, 0, 0, 0, 0, 0, 7, 0, 2, 2, 1420, 1, 7.586902059486062, WeMoSwitch
0, 0, 0, 1, 0, 0, 1, 0, 165, 0, 0, 0, 0, 0, 0, 0, 0, 0, 7, 0, 2, 2, 40, 0, 0, WeMoSwitch
0, 0, 0, 1, 0, 0, 1, 0, 8440, 0, 0, 0, 0, 0, 0, 0, 0, 0, 7, 0, 2, 2, 1420, 1, 7.639631254980242, WeMoSwitch
0, 0, 0, 1, 0, 0, 1, 0, 165, 0, 0, 0, 0, 0, 0, 0, 0, 0, 7, 0, 2, 2, 40, 0, 0, WeMoSwitch
0, 0, 0, 1, 0, 0, 1, 0, 8440, 0, 0, 0, 0, 0, 0, 0, 0, 0, 7, 0, 2, 2, 1420, 1, 7.582196168643952, WeMoSwitch
0, 0, 0, 1, 0, 0, 1, 0, 165, 0, 0, 0, 0, 0, 0, 0, 0, 0, 7, 0, 2, 2, 40, 0, 0, WeMoSwitch
0, 0, 0, 1, 0, 0, 1, 0, 165, 0, 0, 0, 0, 0, 0, 0, 0, 0, 7, 0, 2, 2, 40, 0, 0, WeMoSwitch
0, 0, 0, 1, 0, 0, 1, 0, 8440, 0, 0, 0, 0, 0, 0, 0, 0, 0, 7, 0, 2, 2, 1420, 1, 7.58326816092754, WeMoSwitch
0, 0, 0, 1, 0, 0, 1, 0, 8440, 0, 0, 0, 0, 0, 0, 0, 0, 0, 7, 0, 2, 2, 1420, 1, 7.600492867038249, WeMoSwitch
0, 0, 0, 1, 0, 0, 1, 0, 8440, 0, 0, 0, 0, 0, 0, 0, 0, 0, 7, 0, 2, 2, 1420, 1, 7.602730718968359, WeMoSwitch
0, 0, 0, 1, 0, 0, 1, 0, 164, 0, 0, 0, 0, 0, 0, 0, 0, 0, 7, 0, 2, 2, 40, 0, 0, WeMoSwitch
0, 0, 0, 1, 0, 0, 1, 0, 8440, 0, 0, 0, 0, 0, 0, 0, 0, 0, 7, 0, 2, 2, 962, 1, 7.537321687019785, WeMoSwitch
0, 0, 0, 1, 0, 0, 1, 0, 8440, 0, 0, 0, 0, 0, 0, 0, 0, 0, 7, 0, 2, 2, 1420, 1, 7.5890607617367545, WeMoSwitch
0, 0, 0, 1, 0, 0, 1, 0, 165, 0, 0, 0, 0, 0, 0, 0, 0, 0, 7, 0, 2, 2, 40, 0, 0, WeMoSwitch
0, 0, 0, 1, 0, 0, 1, 0, 8440, 0, 0, 0, 0, 0, 0, 0, 0, 0, 7, 0, 2, 2, 1420, 1, 7.5662660342815835, WeMoSwitch
0, 0, 0, 1, 0, 0, 1, 0, 8440, 0, 0, 0, 0, 0, 0, 0, 0, 0, 7, 0, 2, 2, 1420, 1, 7.587877719300052, WeMoSwitch
0, 0, 0, 1, 0, 0, 1, 0, 165, 0, 0, 0, 0, 0, 0, 0, 0, 0, 7, 0, 2, 2, 40, 0, 0, WeMoSwitch
0, 0, 0, 1, 0, 0, 1, 0, 165, 0, 0, 0, 0, 0, 0, 0, 0, 0, 7, 0, 2, 2, 40, 0, 0, WeMoSwitch
0, 0, 0, 1, 0, 0, 1, 0, 165, 0, 0, 0, 0, 0, 0, 0, 0, 0, 7, 0, 2, 2, 40, 0, 0, WeMoSwitch
0, 0, 0, 1, 0, 0, 1, 0, 8440, 0, 0, 0, 0, 0, 0, 0, 0, 0, 7, 0, 2, 2, 636, 1, 7.346744674459696, WeMoSwitch
0, 0, 0, 1, 0, 0, 1, 0, 165, 0, 0, 0, 0, 0, 0, 0, 0, 0, 7, 0, 2, 2, 40, 0, 0, WeMoSwitch
0, 0, 0, 1, 0, 0, 1, 0, 165, 0, 0, 0, 0, 0, 0, 0, 0, 0, 7, 0, 2, 2, 40, 0, 0, WeMoSwitch
0, 0, 0, 1, 0, 0, 1, 0, 165, 0, 0, 0, 0, 0, 0, 0, 0, 0, 7, 0, 2, 2, 40, 0, 0, WeMoSwitch
0, 0, 0, 1, 0, 0, 1, 0, 165, 0, 0, 0, 0, 0, 0, 0, 0, 0, 7, 0, 2, 2, 1420, 1, 7.880102209628675, WeMoSwitch
0, 0, 0, 1, 0, 0, 1, 0, 165, 0, 0, 0, 0, 0, 0, 0, 0, 0, 7, 0, 2, 2, 281, 1, 7.1710055705890134, WeMoSwitch
0, 0, 0, 1, 0, 0, 1, 0, 8440, 0, 0, 0, 0, 0, 0, 0, 0, 0, 7, 0, 2, 2, 40, 0, 0, WeMoSwitch
0, 0, 0, 1, 0, 0, 0, 0, 0, 0, 0, 0, 0, 0, 0, 0, 0, 0, 7, 0, 0, 0, 40, 1, 2.646782221599798, WeMoSwitch
1, 0, 0, 0, 0, 0, 0, 0, 0, 0, 0, 0, 0, 0, 0, 0, 0, 0, 7, 0, 0, 0, 0, 0, 0, WeMoSwitch
1, 0, 0, 0, 0, 0, 0, 0, 0, 0, 0, 0, 0, 0, 0, 0, 0, 0, 7, 0, 0, 0, 0, 0, 0, WeMoSwitch
0, 0, 0, 1, 0, 0, 1, 0, 8440, 0, 0, 0, 0, 0, 0, 0, 0, 0, 7, 0, 2, 2, 77, 1, 5.155399311574898, WeMoSwitch
0, 0, 0, 1, 0, 0, 1, 0, 8440, 0, 0, 0, 0, 0, 0, 0, 0, 0, 7, 0, 2, 2, 40, 0, 0, WeMoSwitch
0, 0, 0, 1, 0, 0, 1, 0, 165, 0, 0, 0, 0, 0, 0, 0, 0, 0, 7, 0, 2, 2, 77, 1, 5.209453365628954, WeMoSwitch
0, 0, 0, 1, 0, 0, 1, 0, 165, 0, 0, 0, 0, 0, 0, 0, 0, 0, 7, 0, 2, 2, 40, 0, 0, WeMoSwitch
0, 0, 0, 1, 0, 0, 1, 0, 0, 0, 0, 0, 0, 0, 0, 0, 0, 0, 7, 0, 2, 2, 40, 0, 0, WeMoSwitch
0, 0, 0, 1, 0, 0, 1, 0, 0, 0, 0, 0, 0, 0, 0, 0, 0, 0, 7, 0, 2, 2, 40, 0, 0, WeMoSwitch
0, 0, 0, 1, 0, 0, 0, 1, 0, 0, 0, 0, 0, 0, 1, 0, 0, 0, 7, 0, 2, 1, 58, 0, 0, WeMoSwitch
0, 0, 0, 1, 0, 0, 0, 1, 0, 0, 0, 0, 0, 0, 1, 0, 0, 0, 7, 0, 1, 2, 359, 0, 0, WeMoSwitch
0, 0, 0, 1, 0, 0, 1, 0, 5840, 0, 0, 0, 0, 0, 0, 0, 0, 0, 8, 0, 2, 2, 52, 0, 0, WeMoSwitch
0, 0, 0, 1, 0, 0, 1, 0, 14600, 0, 0, 0, 0, 0, 0, 0, 0, 0, 8, 0, 2, 2, 52, 0, 0, WeMoSwitch
0, 0, 0, 1, 0, 0, 1, 0, 2920, 0, 0, 0, 0, 0, 0, 0, 0, 0, 8, 0, 2, 2, 40, 0, 0, WeMoSwitch
0, 0, 0, 1, 0, 0, 1, 0, 2920, 0, 0, 0, 0, 0, 0, 0, 0, 0, 8, 0, 2, 2, 389, 1, 3.8744773373259127, WeMoSwitch
0, 0, 0, 1, 0, 0, 1, 0, 62, 0, 0, 0, 0, 0, 0, 0, 0, 0, 8, 0, 2, 2, 40, 0, 0, WeMoSwitch
0, 0, 0, 1, 0, 0, 1, 0, 62, 0, 0, 0, 0, 0, 0, 0, 0, 0, 8, 0, 2, 2, 52, 1, 2.6887218755408666, WeMoSwitch
0, 0, 0, 1, 0, 0, 1, 0, 2920, 0, 0, 0, 0, 0, 0, 0, 0, 0, 8, 0, 2, 2, 40, 0, 0, WeMoSwitch
0, 0, 0, 1, 0, 0, 1, 0, 2920, 0, 0, 0, 0, 0, 0, 0, 0, 0, 8, 0, 2, 2, 40, 0, 0, WeMoSwitch
0, 0, 0, 1, 0, 0, 1, 0, 62, 0, 0, 0, 0, 0, 0, 0, 0, 0, 8, 0, 2, 2, 40, 0, 0, WeMoSwitch
0, 0, 0, 1, 0, 0, 1, 0, 2920, 0, 0, 0, 0, 0, 0, 0, 0, 0, 8, 0, 2, 2, 40, 0, 0, WeMoSwitch
0, 0, 0, 1, 0, 0, 1, 0, 5840, 0, 0, 0, 0, 0, 0, 0, 0, 0, 9, 0, 2, 2, 52, 0, 0, WeMoSwitch
0, 0, 0, 1, 0, 0, 1, 0, 29200, 0, 0, 0, 0, 0, 0, 0, 0, 0, 9, 0, 2, 2, 52, 0, 0, WeMoSwitch
0, 0, 0, 1, 0, 0, 1, 0, 2920, 0, 0, 0, 0, 0, 0, 0, 0, 0, 9, 0, 2, 2, 40, 0, 0, WeMoSwitch
0, 0, 0, 1, 0, 0, 1, 0, 2920, 0, 0, 0, 0, 0, 0, 0, 0, 0, 9, 0, 2, 2, 88, 1, 4.4577600770579435, WeMoSwitch
0, 0, 0, 1, 0, 0, 1, 0, 229, 0, 0, 0, 0, 0, 0, 0, 0, 0, 9, 0, 2, 2, 40, 0, 0, WeMoSwitch
0, 0, 0, 1, 0, 0, 1, 0, 229, 0, 0, 0, 0, 0, 0, 0, 0, 0, 9, 0, 2, 2, 180, 1, 5.304903061191905, WeMoSwitch
0, 0, 0, 1, 0, 0, 1, 0, 2920, 0, 0, 0, 0, 0, 0, 0, 0, 0, 9, 0, 2, 2, 40, 0, 0, WeMoSwitch
0, 0, 0, 1, 0, 0, 1, 0, 2920, 0, 0, 0, 0, 0, 0, 0, 0, 0, 9, 0, 2, 2, 196, 1, 5.428639303387037, WeMoSwitch
0, 0, 0, 1, 0, 0, 1, 0, 237, 0, 0, 0, 0, 0, 0, 0, 0, 0, 9, 0, 2, 2, 144, 1, 5.510726518486461, WeMoSwitch
0, 0, 0, 1, 0, 0, 1, 0, 2920, 0, 0, 0, 0, 0, 0, 0, 0, 0, 9, 0, 2, 2, 40, 0, 0, WeMoSwitch
0, 0, 0, 1, 0, 0, 1, 0, 5840, 0, 0, 0, 0, 0, 0, 0, 0, 0, 10, 0, 2, 2, 52, 0, 0, WeMoSwitch
0, 0, 0, 1, 0, 0, 1, 0, 14600, 0, 0, 0, 0, 0, 0, 0, 0, 0, 10, 0, 2, 2, 52, 0, 0, WeMoSwitch
0, 0, 0, 1, 0, 0, 1, 0, 2920, 0, 0, 0, 0, 0, 0, 0, 0, 0, 10, 0, 2, 2, 40, 0, 0, WeMoSwitch
0, 0, 0, 1, 0, 0, 1, 0, 2920, 0, 0, 0, 0, 0, 0, 0, 0, 0, 10, 0, 2, 2, 157, 1, 4.986758201990121, WeMoSwitch
0, 0, 0, 1, 0, 0, 1, 0, 58, 0, 0, 0, 0, 0, 0, 0, 0, 0, 10, 0, 2, 2, 40, 0, 0, WeMoSwitch
0, 0, 0, 1, 0, 0, 1, 0, 58, 0, 0, 0, 0, 0, 0, 0, 0, 0, 10, 0, 2, 2, 1420, 1, 7.160284252364436, WeMoSwitch
0, 0, 0, 1, 0, 0, 1, 0, 58, 0, 0, 0, 0, 0, 0, 0, 0, 0, 10, 0, 2, 2, 1420, 1, 7.202871773758742, WeMoSwitch
0, 0, 0, 1, 0, 0, 1, 0, 58, 0, 0, 0, 0, 0, 0, 0, 0, 0, 10, 0, 2, 2, 1376, 1, 7.107476588008091, WeMoSwitch
0, 0, 0, 1, 0, 0, 1, 0, 58, 0, 0, 0, 0, 0, 0, 0, 0, 0, 10, 0, 2, 2, 843, 1, 7.496263269339539, WeMoSwitch
0, 0, 0, 1, 0, 0, 1, 0, 4300, 0, 0, 0, 0, 0, 0, 0, 0, 0, 10, 0, 2, 2, 40, 0, 0, WeMoSwitch
0, 0, 0, 1, 0, 0, 1, 0, 5680, 0, 0, 0, 0, 0, 0, 0, 0, 0, 10, 0, 2, 2, 40, 0, 0, WeMoSwitch
0, 0, 0, 1, 0, 0, 1, 0, 7060, 0, 0, 0, 0, 0, 0, 0, 0, 0, 10, 0, 2, 2, 40, 0, 0, WeMoSwitch
0, 0, 0, 1, 0, 0, 1, 0, 8440, 0, 0, 0, 0, 0, 0, 0, 0, 0, 10, 0, 2, 2, 40, 0, 0, WeMoSwitch
0, 0, 0, 1, 0, 0, 1, 0, 8440, 0, 0, 0, 0, 0, 0, 0, 0, 0, 10, 0, 2, 2, 366, 1, 7.267069278415334, WeMoSwitch
0, 0, 0, 1, 0, 0, 1, 0, 62, 0, 0, 0, 0, 0, 0, 0, 0, 0, 10, 0, 2, 2, 99, 1, 5.577558303599125, WeMoSwitch
0, 0, 0, 1, 0, 0, 1, 0, 8440, 0, 0, 0, 0, 0, 0, 0, 0, 0, 10, 0, 2, 2, 40, 0, 0, WeMoSwitch
0, 0, 0, 1, 0, 0, 1, 0, 8440, 0, 0, 0, 0, 0, 0, 0, 0, 0, 10, 0, 2, 2, 418, 1, 7.4362708476647645, WeMoSwitch
0, 0, 0, 1, 0, 0, 1, 0, 8440, 0, 0, 0, 0, 0, 0, 0, 0, 0, 10, 0, 2, 2, 1420, 1, 7.610813965695845, WeMoSwitch
0, 0, 0, 1, 0, 0, 1, 0, 77, 0, 0, 0, 0, 0, 0, 0, 0, 0, 10, 0, 2, 2, 40, 0, 0, WeMoSwitch
0, 0, 0, 1, 0, 0, 1, 0, 8440, 0, 0, 0, 0, 0, 0, 0, 0, 0, 10, 0, 2, 2, 1420, 1, 7.586548069519011, WeMoSwitch
0, 0, 0, 1, 0, 0, 1, 0, 8440, 0, 0, 0, 0, 0, 0, 0, 0, 0, 10, 0, 2, 2, 1420, 1, 7.605441071239413, WeMoSwitch
0, 0, 0, 1, 0, 0, 1, 0, 8440, 0, 0, 0, 0, 0, 0, 0, 0, 0, 10, 0, 2, 2, 1420, 1, 7.565620331218446, WeMoSwitch
0, 0, 0, 1, 0, 0, 1, 0, 100, 0, 0, 0, 0, 0, 0, 0, 0, 0, 10, 0, 2, 2, 40, 0, 0, WeMoSwitch
0, 0, 0, 1, 0, 0, 1, 0, 8440, 0, 0, 0, 0, 0, 0, 0, 0, 0, 10, 0, 2, 2, 1420, 1, 7.6055129239049295, WeMoSwitch
0, 0, 0, 1, 0, 0, 1, 0, 8440, 0, 0, 0, 0, 0, 0, 0, 0, 0, 10, 0, 2, 2, 1420, 1, 7.588884662695593, WeMoSwitch
0, 0, 0, 1, 0, 0, 1, 0, 8440, 0, 0, 0, 0, 0, 0, 0, 0, 0, 10, 0, 2, 2, 1420, 1, 7.568263339606407, WeMoSwitch
0, 0, 0, 1, 0, 0, 1, 0, 112, 0, 0, 0, 0, 0, 0, 0, 0, 0, 10, 0, 2, 2, 40, 0, 0, WeMoSwitch
0, 0, 0, 1, 0, 0, 1, 0, 8440, 0, 0, 0, 0, 0, 0, 0, 0, 0, 10, 0, 2, 2, 1420, 1, 7.619384482375806, WeMoSwitch
0, 0, 0, 1, 0, 0, 1, 0, 8440, 0, 0, 0, 0, 0, 0, 0, 0, 0, 10, 0, 2, 2, 1420, 1, 7.578218094738854, WeMoSwitch
0, 0, 0, 1, 0, 0, 1, 0, 123, 0, 0, 0, 0, 0, 0, 0, 0, 0, 10, 0, 2, 2, 40, 0, 0, WeMoSwitch
0, 0, 0, 1, 0, 0, 1, 0, 134, 0, 0, 0, 0, 0, 0, 0, 0, 0, 10, 0, 2, 2, 40, 0, 0, WeMoSwitch
0, 0, 0, 1, 0, 0, 1, 0, 146, 0, 0, 0, 0, 0, 0, 0, 0, 0, 10, 0, 2, 2, 40, 0, 0, WeMoSwitch
0, 0, 0, 1, 0, 0, 1, 0, 8440, 0, 0, 0, 0, 0, 0, 0, 0, 0, 10, 0, 2, 2, 1420, 1, 7.594241344325104, WeMoSwitch
0, 0, 0, 1, 0, 0, 1, 0, 8440, 0, 0, 0, 0, 0, 0, 0, 0, 0, 10, 0, 2, 2, 78, 1, 4.984769618706746, WeMoSwitch
0, 0, 0, 1, 0, 0, 1, 0, 8440, 0, 0, 0, 0, 0, 0, 0, 0, 0, 10, 0, 2, 2, 1420, 1, 7.6032770463625585, WeMoSwitch
0, 0, 0, 1, 0, 0, 1, 0, 8440, 0, 0, 0, 0, 0, 0, 0, 0, 0, 10, 0, 2, 2, 1420, 1, 7.578942094540285, WeMoSwitch
0, 0, 0, 1, 0, 0, 1, 0, 157, 0, 0, 0, 0, 0, 0, 0, 0, 0, 10, 0, 2, 2, 40, 0, 0, WeMoSwitch
0, 0, 0, 1, 0, 0, 1, 0, 165, 0, 0, 0, 0, 0, 0, 0, 0, 0, 10, 0, 2, 2, 40, 0, 0, WeMoSwitch
0, 0, 0, 1, 0, 0, 1, 0, 8440, 0, 0, 0, 0, 0, 0, 0, 0, 0, 10, 0, 2, 2, 1420, 1, 7.582452791186442, WeMoSwitch
0, 0, 0, 1, 0, 0, 1, 0, 165, 0, 0, 0, 0, 0, 0, 0, 0, 0, 10, 0, 2, 2, 40, 0, 0, WeMoSwitch
0, 0, 0, 1, 0, 0, 1, 0, 8440, 0, 0, 0, 0, 0, 0, 0, 0, 0, 10, 0, 2, 2, 44, 1, 2.0, WeMoSwitch
0, 0, 0, 1, 0, 0, 1, 0, 165, 0, 0, 0, 0, 0, 0, 0, 0, 0, 10, 0, 2, 2, 40, 0, 0, WeMoSwitch
0, 0, 0, 1, 0, 0, 1, 0, 165, 0, 0, 0, 0, 0, 0, 0, 0, 0, 10, 0, 2, 2, 40, 0, 0, WeMoSwitch
0, 0, 0, 1, 0, 0, 1, 0, 165, 0, 0, 0, 0, 0, 0, 0, 0, 0, 10, 0, 2, 2, 40, 0, 0, WeMoSwitch
0, 0, 0, 1, 0, 0, 1, 0, 165, 0, 0, 0, 0, 0, 0, 0, 0, 0, 10, 0, 2, 2, 40, 0, 0, WeMoSwitch
0, 0, 0, 1, 0, 0, 1, 0, 165, 0, 0, 0, 0, 0, 0, 0, 0, 0, 10, 0, 2, 2, 1420, 1, 7.850600241031179, WeMoSwitch
0, 0, 0, 1, 0, 0, 1, 0, 165, 0, 0, 0, 0, 0, 0, 0, 0, 0, 10, 0, 2, 2, 137, 1, 6.282852146288545, WeMoSwitch
0, 0, 0, 1, 0, 0, 1, 0, 8440, 0, 0, 0, 0, 0, 0, 0, 0, 0, 10, 0, 2, 2, 40, 0, 0, WeMoSwitch
0, 0, 0, 1, 0, 0, 1, 0, 8440, 0, 0, 0, 0, 0, 0, 0, 0, 0, 10, 0, 2, 2, 77, 1, 4.993237149412737, WeMoSwitch
0, 0, 0, 1, 0, 0, 1, 0, 8440, 0, 0, 0, 0, 0, 0, 0, 0, 0, 10, 0, 2, 2, 40, 0, 0, WeMoSwitch
0, 0, 0, 1, 0, 0, 1, 0, 165, 0, 0, 0, 0, 0, 0, 0, 0, 0, 10, 0, 2, 2, 77, 1, 5.1553993115749, WeMoSwitch
0, 0, 0, 1, 0, 0, 1, 0, 165, 0, 0, 0, 0, 0, 0, 0, 0, 0, 10, 0, 2, 2, 40, 0, 0, WeMoSwitch
0, 0, 0, 1, 0, 0, 1, 0, 0, 0, 0, 0, 0, 0, 0, 0, 0, 0, 10, 0, 2, 2, 40, 0, 0, WeMoSwitch
0, 0, 0, 1, 0, 0, 1, 0, 0, 0, 0, 0, 0, 0, 0, 0, 0, 0, 10, 0, 2, 2, 40, 0, 0, WeMoSwitch
0, 0, 0, 1, 0, 0, 1, 0, 5840, 0, 0, 0, 0, 0, 0, 0, 0, 0, 10, 0, 2, 2, 52, 0, 0, WeMoSwitch
0, 0, 0, 1, 0, 0, 1, 0, 14600, 0, 0, 0, 0, 0, 0, 0, 0, 0, 10, 0, 2, 2, 52, 0, 0, WeMoSwitch
0, 0, 0, 1, 0, 0, 1, 0, 2920, 0, 0, 0, 0, 0, 0, 0, 0, 0, 10, 0, 2, 2, 40, 0, 0, WeMoSwitch
0, 0, 0, 1, 0, 0, 1, 0, 2920, 0, 0, 0, 0, 0, 0, 0, 0, 0, 10, 0, 2, 2, 157, 1, 5.027398266111176, WeMoSwitch
0, 0, 0, 1, 0, 0, 1, 0, 58, 0, 0, 0, 0, 0, 0, 0, 0, 0, 10, 0, 2, 2, 40, 0, 0, WeMoSwitch
0, 0, 0, 1, 0, 0, 1, 0, 58, 0, 0, 0, 0, 0, 0, 0, 0, 0, 10, 0, 2, 2, 1420, 1, 7.136558591443741, WeMoSwitch
0, 0, 0, 1, 0, 0, 1, 0, 58, 0, 0, 0, 0, 0, 0, 0, 0, 0, 10, 0, 2, 2, 1420, 1, 7.202871773758742, WeMoSwitch
0, 0, 0, 1, 0, 0, 1, 0, 58, 0, 0, 0, 0, 0, 0, 0, 0, 0, 10, 0, 2, 2, 1376, 1, 7.107476588008091, WeMoSwitch
0, 0, 0, 1, 0, 0, 1, 0, 58, 0, 0, 0, 0, 0, 0, 0, 0, 0, 10, 0, 2, 2, 843, 1, 7.496263269339539, WeMoSwitch
0, 0, 0, 1, 0, 0, 1, 0, 4300, 0, 0, 0, 0, 0, 0, 0, 0, 0, 10, 0, 2, 2, 40, 0, 0, WeMoSwitch
0, 0, 0, 1, 0, 0, 1, 0, 5680, 0, 0, 0, 0, 0, 0, 0, 0, 0, 10, 0, 2, 2, 40, 0, 0, WeMoSwitch
0, 0, 0, 1, 0, 0, 1, 0, 7060, 0, 0, 0, 0, 0, 0, 0, 0, 0, 10, 0, 2, 2, 40, 0, 0, WeMoSwitch
0, 0, 0, 1, 0, 0, 1, 0, 8440, 0, 0, 0, 0, 0, 0, 0, 0, 0, 10, 0, 2, 2, 40, 0, 0, WeMoSwitch
0, 0, 0, 1, 0, 0, 1, 0, 8440, 0, 0, 0, 0, 0, 0, 0, 0, 0, 10, 0, 2, 2, 366, 1, 7.210322875499542, WeMoSwitch
0, 0, 0, 1, 0, 0, 1, 0, 62, 0, 0, 0, 0, 0, 0, 0, 0, 0, 10, 0, 2, 2, 99, 1, 5.496966990003134, WeMoSwitch
0, 0, 0, 1, 0, 0, 1, 0, 8440, 0, 0, 0, 0, 0, 0, 0, 0, 0, 10, 0, 2, 2, 40, 0, 0, WeMoSwitch
0, 0, 0, 1, 0, 0, 1, 0, 8440, 0, 0, 0, 0, 0, 0, 0, 0, 0, 10, 0, 2, 2, 450, 1, 7.506338476444001, WeMoSwitch
0, 0, 0, 1, 0, 0, 1, 0, 8440, 0, 0, 0, 0, 0, 0, 0, 0, 0, 10, 0, 2, 2, 1420, 1, 7.568717417105734, WeMoSwitch
0, 0, 0, 1, 0, 0, 1, 0, 77, 0, 0, 0, 0, 0, 0, 0, 0, 0, 10, 0, 2, 2, 40, 0, 0, WeMoSwitch
0, 0, 0, 1, 0, 0, 1, 0, 8440, 0, 0, 0, 0, 0, 0, 0, 0, 0, 10, 0, 2, 2, 1420, 1, 7.591590351675685, WeMoSwitch
0, 0, 0, 1, 0, 0, 1, 0, 8440, 0, 0, 0, 0, 0, 0, 0, 0, 0, 10, 0, 2, 2, 1420, 1, 7.610020802922411, WeMoSwitch
0, 0, 0, 1, 0, 0, 1, 0, 8440, 0, 0, 0, 0, 0, 0, 0, 0, 0, 10, 0, 2, 2, 1420, 1, 7.597236755533702, WeMoSwitch
0, 0, 0, 1, 0, 0, 1, 0, 100, 0, 0, 0, 0, 0, 0, 0, 0, 0, 10, 0, 2, 2, 40, 0, 0, WeMoSwitch
0, 0, 0, 1, 0, 0, 1, 0, 8440, 0, 0, 0, 0, 0, 0, 0, 0, 0, 10, 0, 2, 2, 1420, 1, 7.593852565737497, WeMoSwitch
0, 0, 0, 1, 0, 0, 1, 0, 8440, 0, 0, 0, 0, 0, 0, 0, 0, 0, 10, 0, 2, 2, 1420, 1, 7.599094576970977, WeMoSwitch
0, 0, 0, 1, 0, 0, 1, 0, 8440, 0, 0, 0, 0, 0, 0, 0, 0, 0, 10, 0, 2, 2, 1420, 1, 7.59206836574696, WeMoSwitch
0, 0, 0, 1, 0, 0, 1, 0, 112, 0, 0, 0, 0, 0, 0, 0, 0, 0, 10, 0, 2, 2, 40, 0, 0, WeMoSwitch
0, 0, 0, 1, 0, 0, 1, 0, 8440, 0, 0, 0, 0, 0, 0, 0, 0, 0, 10, 0, 2, 2, 1420, 1, 7.571233159194957, WeMoSwitch
0, 0, 0, 1, 0, 0, 1, 0, 8440, 0, 0, 0, 0, 0, 0, 0, 0, 0, 10, 0, 2, 2, 1420, 1, 7.601670008894233, WeMoSwitch
0, 0, 0, 1, 0, 0, 1, 0, 123, 0, 0, 0, 0, 0, 0, 0, 0, 0, 10, 0, 2, 2, 40, 0, 0, WeMoSwitch
0, 0, 0, 1, 0, 0, 1, 0, 8440, 0, 0, 0, 0, 0, 0, 0, 0, 0, 10, 0, 2, 2, 1420, 1, 7.589915354434351, WeMoSwitch
0, 0, 0, 1, 0, 0, 1, 0, 8440, 0, 0, 0, 0, 0, 0, 0, 0, 0, 10, 0, 2, 2, 78, 1, 5.195295934496221, WeMoSwitch
0, 0, 0, 1, 0, 0, 1, 0, 134, 0, 0, 0, 0, 0, 0, 0, 0, 0, 10, 0, 2, 2, 40, 0, 0, WeMoSwitch
0, 0, 0, 1, 0, 0, 1, 0, 146, 0, 0, 0, 0, 0, 0, 0, 0, 0, 10, 0, 2, 2, 40, 0, 0, WeMoSwitch
0, 0, 0, 1, 0, 0, 1, 0, 8440, 0, 0, 0, 0, 0, 0, 0, 0, 0, 10, 0, 2, 2, 1420, 1, 7.582632958213425, WeMoSwitch
0, 0, 0, 1, 0, 0, 1, 0, 8440, 0, 0, 0, 0, 0, 0, 0, 0, 0, 10, 0, 2, 2, 1420, 1, 7.5879093032147145, WeMoSwitch
0, 0, 0, 1, 0, 0, 1, 0, 157, 0, 0, 0, 0, 0, 0, 0, 0, 0, 10, 0, 2, 2, 40, 0, 0, WeMoSwitch
0, 0, 0, 1, 0, 0, 1, 0, 165, 0, 0, 0, 0, 0, 0, 0, 0, 0, 10, 0, 2, 2, 40, 0, 0, WeMoSwitch
0, 0, 0, 1, 0, 0, 1, 0, 8440, 0, 0, 0, 0, 0, 0, 0, 0, 0, 10, 0, 2, 2, 1420, 1, 7.596597830494903, WeMoSwitch
0, 0, 0, 1, 0, 0, 1, 0, 8440, 0, 0, 0, 0, 0, 0, 0, 0, 0, 10, 0, 2, 2, 1420, 1, 7.558478786665813, WeMoSwitch
0, 0, 0, 1, 0, 0, 1, 0, 8440, 0, 0, 0, 0, 0, 0, 0, 0, 0, 10, 0, 2, 2, 1420, 1, 7.579777434634972, WeMoSwitch
0, 0, 0, 1, 0, 0, 1, 0, 8440, 0, 0, 0, 0, 0, 0, 0, 0, 0, 10, 0, 2, 2, 1420, 1, 7.603782331914173, WeMoSwitch
0, 0, 0, 1, 0, 0, 1, 0, 165, 0, 0, 0, 0, 0, 0, 0, 0, 0, 10, 0, 2, 2, 40, 0, 0, WeMoSwitch
0, 0, 0, 1, 0, 0, 1, 0, 165, 0, 0, 0, 0, 0, 0, 0, 0, 0, 10, 0, 2, 2, 40, 0, 0, WeMoSwitch
0, 0, 0, 1, 0, 0, 1, 0, 8440, 0, 0, 0, 0, 0, 0, 0, 0, 0, 10, 0, 2, 2, 1420, 1, 7.591437009459107, WeMoSwitch
0, 0, 0, 1, 0, 0, 1, 0, 8440, 0, 0, 0, 0, 0, 0, 0, 0, 0, 10, 0, 2, 2, 74, 1, 4.969815782426809, WeMoSwitch
0, 0, 0, 1, 0, 0, 1, 0, 8440, 0, 0, 0, 0, 0, 0, 0, 0, 0, 10, 0, 2, 2, 1420, 1, 7.600946885928354, WeMoSwitch
0, 0, 0, 1, 0, 0, 1, 0, 165, 0, 0, 0, 0, 0, 0, 0, 0, 0, 10, 0, 2, 2, 40, 0, 0, WeMoSwitch
0, 0, 0, 1, 0, 0, 1, 0, 8440, 0, 0, 0, 0, 0, 0, 0, 0, 0, 10, 0, 2, 2, 1420, 1, 7.584633609883294, WeMoSwitch
0, 0, 0, 1, 0, 0, 1, 0, 165, 0, 0, 0, 0, 0, 0, 0, 0, 0, 10, 0, 2, 2, 40, 0, 0, WeMoSwitch
0, 0, 0, 1, 0, 0, 1, 0, 165, 0, 0, 0, 0, 0, 0, 0, 0, 0, 10, 0, 2, 2, 40, 0, 0, WeMoSwitch
0, 0, 0, 1, 0, 0, 1, 0, 8440, 0, 0, 0, 0, 0, 0, 0, 0, 0, 10, 0, 2, 2, 1420, 1, 7.584852424258834, WeMoSwitch
0, 0, 0, 1, 0, 0, 1, 0, 165, 0, 0, 0, 0, 0, 0, 0, 0, 0, 10, 0, 2, 2, 40, 0, 0, WeMoSwitch
0, 0, 0, 1, 0, 0, 1, 0, 8440, 0, 0, 0, 0, 0, 0, 0, 0, 0, 10, 0, 2, 2, 1420, 1, 7.590607958672899, WeMoSwitch
0, 0, 0, 1, 0, 0, 1, 0, 165, 0, 0, 0, 0, 0, 0, 0, 0, 0, 10, 0, 2, 2, 40, 0, 0, WeMoSwitch
0, 0, 0, 1, 0, 0, 1, 0, 8440, 0, 0, 0, 0, 0, 0, 0, 0, 0, 10, 0, 2, 2, 1420, 1, 7.5707532512223805, WeMoSwitch
0, 0, 0, 1, 0, 0, 1, 0, 8440, 0, 0, 0, 0, 0, 0, 0, 0, 0, 10, 0, 2, 2, 1420, 1, 7.57571565079359, WeMoSwitch
0, 0, 0, 1, 0, 0, 1, 0, 165, 0, 0, 0, 0, 0, 0, 0, 0, 0, 10, 0, 2, 2, 40, 0, 0, WeMoSwitch
0, 0, 0, 1, 0, 0, 1, 0, 8440, 0, 0, 0, 0, 0, 0, 0, 0, 0, 10, 0, 2, 2, 1420, 1, 7.599829138336721, WeMoSwitch
0, 0, 0, 1, 0, 0, 1, 0, 165, 0, 0, 0, 0, 0, 0, 0, 0, 0, 10, 0, 2, 2, 40, 0, 0, WeMoSwitch
0, 0, 0, 1, 0, 0, 1, 0, 8440, 0, 0, 0, 0, 0, 0, 0, 0, 0, 10, 0, 2, 2, 1420, 1, 7.596076396921276, WeMoSwitch
0, 0, 0, 1, 0, 0, 1, 0, 8440, 0, 0, 0, 0, 0, 0, 0, 0, 0, 10, 0, 2, 2, 248, 1, 6.820384069724443, WeMoSwitch
0, 0, 0, 1, 0, 0, 1, 0, 8440, 0, 0, 0, 0, 0, 0, 0, 0, 0, 10, 0, 2, 2, 1420, 1, 7.638143650871971, WeMoSwitch
0, 0, 0, 1, 0, 0, 1, 0, 165, 0, 0, 0, 0, 0, 0, 0, 0, 0, 10, 0, 2, 2, 40, 0, 0, WeMoSwitch
0, 0, 0, 1, 0, 0, 1, 0, 8440, 0, 0, 0, 0, 0, 0, 0, 0, 0, 10, 0, 2, 2, 1420, 1, 7.588335887731112, WeMoSwitch
0, 0, 0, 1, 0, 0, 1, 0, 8440, 0, 0, 0, 0, 0, 0, 0, 0, 0, 10, 0, 2, 2, 1420, 1, 7.59443223125856, WeMoSwitch
0, 0, 0, 1, 0, 0, 1, 0, 165, 0, 0, 0, 0, 0, 0, 0, 0, 0, 10, 0, 2, 2, 40, 0, 0, WeMoSwitch
0, 0, 0, 1, 0, 0, 1, 0, 8440, 0, 0, 0, 0, 0, 0, 0, 0, 0, 10, 0, 2, 2, 1420, 1, 7.593069969646509, WeMoSwitch
0, 0, 0, 1, 0, 0, 1, 0, 8440, 0, 0, 0, 0, 0, 0, 0, 0, 0, 10, 0, 2, 2, 1420, 1, 7.589787242668923, WeMoSwitch
0, 0, 0, 1, 0, 0, 1, 0, 165, 0, 0, 0, 0, 0, 0, 0, 0, 0, 10, 0, 2, 2, 40, 0, 0, WeMoSwitch
0, 0, 0, 1, 0, 0, 1, 0, 8440, 0, 0, 0, 0, 0, 0, 0, 0, 0, 10, 0, 2, 2, 1420, 1, 7.584150674698318, WeMoSwitch
0, 0, 0, 1, 0, 0, 1, 0, 165, 0, 0, 0, 0, 0, 0, 0, 0, 0, 10, 0, 2, 2, 40, 0, 0, WeMoSwitch
0, 0, 0, 1, 0, 0, 1, 0, 165, 0, 0, 0, 0, 0, 0, 0, 0, 0, 10, 0, 2, 2, 40, 0, 0, WeMoSwitch
0, 0, 0, 1, 0, 0, 1, 0, 8440, 0, 0, 0, 0, 0, 0, 0, 0, 0, 10, 0, 2, 2, 566, 1, 7.310170292968975, WeMoSwitch
0, 0, 0, 1, 0, 0, 1, 0, 165, 0, 0, 0, 0, 0, 0, 0, 0, 0, 10, 0, 2, 2, 40, 0, 0, WeMoSwitch
0, 0, 0, 1, 0, 0, 1, 0, 165, 0, 0, 0, 0, 0, 0, 0, 0, 0, 10, 0, 2, 2, 40, 0, 0, WeMoSwitch
0, 0, 0, 1, 0, 0, 1, 0, 165, 0, 0, 0, 0, 0, 0, 0, 0, 0, 10, 0, 2, 2, 40, 0, 0, WeMoSwitch
0, 0, 0, 1, 0, 0, 1, 0, 165, 0, 0, 0, 0, 0, 0, 0, 0, 0, 10, 0, 2, 2, 40, 0, 0, WeMoSwitch
0, 0, 0, 1, 0, 0, 1, 0, 165, 0, 0, 0, 0, 0, 0, 0, 0, 0, 10, 0, 2, 2, 445, 1, 7.426665468457353, WeMoSwitch
0, 0, 0, 1, 0, 0, 1, 0, 8440, 0, 0, 0, 0, 0, 0, 0, 0, 0, 10, 0, 2, 2, 40, 0, 0, WeMoSwitch
0, 0, 1, 0, 0, 0, 0, 0, 0, 0, 0, 0, 0, 0, 0, 0, 0, 0, 10, 0, 0, 0, 95, 1, 1.6523671684657788, WeMoSwitch
0, 0, 0, 1, 1, 0, 0, 0, 0, 0, 0, 0, 0, 0, 0, 0, 0, 0, 10, 0, 0, 0, 84, 1, 0.5140894694980185, WeMoSwitch
0, 0, 0, 1, 1, 0, 0, 0, 0, 0, 0, 0, 0, 0, 0, 0, 0, 0, 10, 0, 0, 0, 84, 1, 0.5140894694980185, WeMoSwitch
0, 0, 0, 1, 1, 0, 0, 0, 0, 0, 0, 0, 0, 0, 0, 0, 0, 0, 10, 0, 0, 0, 84, 1, 0.5140894694980185, WeMoSwitch
0, 0, 0, 1, 1, 0, 0, 0, 0, 0, 0, 0, 0, 0, 0, 0, 0, 0, 10, 0, 0, 0, 84, 1, 0.5140894694980185, WeMoSwitch
0, 0, 0, 1, 1, 0, 0, 0, 0, 0, 0, 0, 0, 0, 0, 0, 0, 0, 10, 0, 0, 0, 84, 1, 0.5140894694980185, WeMoSwitch
0, 0, 0, 1, 1, 0, 0, 0, 0, 0, 0, 0, 0, 0, 0, 0, 0, 0, 10, 0, 0, 0, 84, 1, 0.5140894694980185, WeMoSwitch
1, 0, 0, 0, 0, 0, 0, 0, 0, 0, 0, 0, 0, 0, 0, 0, 0, 0, 10, 0, 0, 0, 0, 0, 0, WeMoSwitch
1, 0, 0, 0, 0, 0, 0, 0, 0, 0, 0, 0, 0, 0, 0, 0, 0, 0, 10, 0, 0, 0, 0, 0, 0, WeMoSwitch
